11804000
11804001
11804002
11804003
11804004
11804005
11804006
11804007
11804008
11804009
11804010
11804011
11804012
11804013
11804014
11804015
11804016
11804017
11804018
11804019
11804020
11804021
11804022
11804023
11804024
11804025
11804026
11804027
11804028
11804029
11804030
11804031
11804032
11804033
11804034
11804035
11804036
11804037
11804038
11804039
11804040
11804041
11804042
11804043
11804044
11804045
11804046
11804047
11804048
11804049
11804050
11804051
11804052
11804053
11804054
11804055
11804056
11804057
11804058
11804059
11804060
11804061
11804062
11804063
11804064
11804065
11804066
11804067
11804068
11804069
11804070
11804071
11804072
11804073
11804074
11804075
11804076
11804077
11804078
11804079
11804080
11804081
11804082
11804083
11804084
11804085
11804086
11804087
11804088
11804089
11804090
11804091
11804092
11804093
11804094
11804095
11804096
11804097
11804098
11804099
11804100
